texto2
231
31
312
3
13
12
3
12
124
1
243
2143
421
43
54231
2141325
4214
3524
2143
52241
24325
414
3254
13432231
31
312
3
13
12
3
12
124
1
243
2143
421
43
54231
2141325
4214
3524
2143
52241
24325
414
3254
13432231
31
312
3
13
12
3
12
124
1
243
2143
421
43
54231
2141325
4214
3524
2143
52241
24325
414
3254
13432231
31
312
3
13
12
3
12
124
1
243
2143
421
43
54231
2141325
4214
3524
2143
52241
24325
414
3254
13432231
31
312
3
13
12
3
12
124
1
243
2143
421
43
54231
2141325
4214
3524
2143
52241
24325
414
3254
13432